23 0.9427777777777777 0.9666666666666667 0.005555555555555556 0.01
24 0.7205555555555556 0.33749999999999997 0.0077777777777777776 0.028333333333333332
26 0.73 0.49916666666666665 0.07777777777777778 0.03833333333333333
26 0.27499999999999997 0.7708333333333334 0.03888888888888889 0.185
21 0.5433333333333333 0.5658333333333333 0.011111111111111112 0.018333333333333333
21 0.012777777777777779 0.15166666666666664 0.012222222222222223 0.013333333333333334
25 0.16555555555555557 0.66 0.22 0.3
24 0.8805555555555555 0.9249999999999999 0.2388888888888889 0.15
23 0.09722222222222222 0.10666666666666666 0.014444444444444444 0.02
26 0.4111111111111111 0.445 0.10222222222222223 0.20333333333333334
23 0.5411111111111111 0.9891666666666666 0.0044444444444444444 0.011666666666666667
24 0.12055555555555555 0.9783333333333333 0.0077777777777777776 0.006666666666666667
19 0.36000000000000004 0.41000000000000003 0.006666666666666667 0.02
21 0.13333333333333333 0.5858333333333333 0.008888888888888889 0.028333333333333332
