24 0.011086474501108647 0.17192691029900334 0.004434589800443459 0.011627906976744186
25 0.6585365853658536 0.8754152823920266 0.008869179600886918 0.009966777408637873
23 0.5011086474501109 0.8911960132890366 0.008869179600886918 0.024916943521594685
26 0.01385809312638581 0.1461794019933555 0.02771618625277162 0.07641196013289037
23 0.07483370288248337 0.21760797342192692 0.14966740576496673 0.19269102990033224
23 0.49223946784922396 0.9127906976744186 0.050997782705099776 0.07142857142857142
20 0.520509977827051 0.7167774086378738 0.012195121951219513 0.03820598006644518
24 0.7738359201773836 0.32641196013289037 0.0066518847006651885 0.008305647840531562
23 0.7666297117516631 0.936046511627907 0.0033259423503325942 0.014950166112956811
23 0.9235033259423503 0.38122923588039864 0.011086474501108648 0.0049833887043189366
25 0.40465631929046564 0.5008305647840532 0.011086474501108648 0.011627906976744186
20 0.4972283813747228 0.56312292358804 0.07206208425720621 0.046511627906976744
24 0.40188470066518844 0.3014950166112957 0.0033259423503325942 0.014950166112956811
26 0.03492239467849224 0.4393687707641196 0.06984478935698447 0.19435215946843853
20 0.11862527716186254 0.7101328903654485 0.015521064301552107 0.014950166112956811
20 0.9783813747228381 0.011627906976744186 0.02328159645232816 0.016611295681063124
23 0.04711751662971175 0.15033222591362125 0.005543237250554324 0.0049833887043189366
26 0.7671840354767184 0.9086378737541528 0.07317073170731707 0.10963455149501661
20 0.29711751662971175 0.8280730897009967 0.011086474501108648 0.014950166112956811
23 0.05931263858093126 0.4509966777408638 0.005543237250554324 0.014950166112956811
23 0.1557649667405765 0.7865448504983389 0.0033259423503325942 0.018272425249169437
25 0.8203991130820398 0.473421926910299 0.008869179600886918 0.019933554817275746
20 0.03824833702882483 0.7234219269102989 0.02328159645232816 0.03820598006644518
24 0.5282705099778271 0.1777408637873754 0.005543237250554324 0.009966777408637873
20 0.9240576496674058 0.32142857142857145 0.06319290465631928 0.11129568106312292
23 0.49223946784922396 0.8911960132890365 0.015521064301552107 0.014950166112956811
