20 0.46888888888888886 0.8841666666666667 0.13333333333333333 0.19166666666666668
23 0.8038888888888889 0.0325 0.005555555555555556 0.005
23 0.06666666666666667 0.42083333333333334 0.0044444444444444444 0.011666666666666667
25 0.4088888888888889 0.3983333333333333 0.0044444444444444444 0.013333333333333334
20 0.3377777777777778 0.7983333333333333 0.07333333333333333 0.09666666666666666
20 0.2788888888888889 0.37083333333333335 0.02 0.06166666666666667
26 0.5894444444444444 0.049166666666666664 0.05 0.09833333333333333
23 0.883888888888889 0.17583333333333334 0.0033333333333333335 0.011666666666666667
21 0.6377777777777778 0.17916666666666667 0.011111111111111112 0.03166666666666667
23 0.9233333333333333 0.8975 0.0044444444444444444 0.005
23 0.5827777777777778 0.7175 0.0077777777777777776 0.03166666666666667
23 0.30777777777777776 0.2991666666666667 0.013333333333333334 0.035
19 0.975 0.4825 0.014444444444444444 0.005
23 0.9144444444444445 0.04416666666666667 0.0044444444444444444 0.005
23 0.21555555555555556 0.9108333333333333 0.008888888888888889 0.008333333333333333
21 0.10222222222222223 0.4741666666666666 0.03111111111111111 0.021666666666666667
24 0.29888888888888887 0.04083333333333333 0.008888888888888889 0.018333333333333333
20 0.86 0.20333333333333334 0.017777777777777778 0.04666666666666667
20 0.9705555555555556 0.3358333333333333 0.0077777777777777776 0.008333333333333333
20 0.2238888888888889 0.7733333333333333 0.11888888888888889 0.25
26 0.611111111111111 0.6208333333333332 0.042222222222222223 0.11166666666666666
24 0.21055555555555555 0.9691666666666666 0.023333333333333334 0.018333333333333333
24 0.7483333333333334 0.3383333333333333 0.29 0.20666666666666667
20 0.8811111111111111 0.5925 0.13333333333333333 0.19166666666666668
20 0.40055555555555555 0.38083333333333336 0.11 0.13166666666666665
23 0.2544444444444445 0.22666666666666666 0.006666666666666667 0.006666666666666667
26 0.6061111111111112 0.7333333333333333 0.04555555555555556 0.12333333333333334
