23 0.13802660753880264 0.8920265780730897 0.009977827050997782 0.006644518272425249
20 0.46674057649667405 0.12458471760797342 0.09312638580931264 0.2059800664451827
21 0.352549889135255 0.9950166112956811 0.024390243902439025 0.006644518272425249
25 0.36585365853658536 0.5373754152823921 0.0066518847006651885 0.018272425249169437
25 0.06541019955654101 0.7541528239202657 0.004434589800443459 0.009966777408637873
24 0.9639689578713969 0.5440199335548173 0.01662971175166297 0.02159468438538206
21 0.7511086474501109 0.11627906976744186 0.02993348115299335 0.009966777408637873
26 0.09645232815964523 0.2674418604651163 0.09977827050997783 0.03986710963455149
23 0.30709534368070956 0.3280730897009967 0.34811529933481156 0.6561461794019934
24 0.7633037694013304 0.5847176079734219 0.01662971175166297 0.009966777408637873
24 0.4517738359201774 0.318936877076412 0.012195121951219513 0.023255813953488372
24 0.9584257206208426 0.48671096345514947 0.007760532150776054 0.013289036544850499
24 0.9451219512195121 0.3272425249169435 0.014412416851441241 0.016611295681063124
24 0.47671840354767187 0.2367109634551495 0.03547671840354767 0.03156146179401993
23 0.7721729490022172 0.931063122923588 0.02106430155210643 0.03156146179401993
21 0.44401330376940135 0.0024916943521594683 0.025498891352549888 0.0049833887043189366
19 0.03270509977827051 0.33554817275747506 0.005543237250554324 0.016611295681063124
20 0.5105321507760532 0.9485049833887044 0.05432372505543237 0.08970099667774087
24 0.8348115299334812 0.07973421926910298 0.004434589800443459 0.006644518272425249
23 0.10199556541019955 0.637873754152824 0.013303769401330377 0.013289036544850499
23 0.9650776053215078 0.5772425249169435 0.005543237250554324 0.0049833887043189366
24 0.9124168514412416 0.032392026578073094 0.008869179600886918 0.02823920265780731
23 0.4190687361419069 0.6345514950166113 0.019955654101995565 0.029900332225913623
21 0.3885809312638581 0.28405315614617943 0.007760532150776054 0.019933554817275746
26 0.1917960088691796 0.22009966777408638 0.04212860310421286 0.11129568106312292
