19 0.6716666666666666 0.6358333333333333 0.01 0.015
20 0.4433333333333333 0.7491666666666666 0.008888888888888889 0.011666666666666667
20 0.6166666666666667 0.6766666666666666 0.008888888888888889 0.04
23 0.4677777777777778 0.08416666666666667 0.017777777777777778 0.028333333333333332
21 0.9905555555555555 0.0625 0.01 0.008333333333333333
23 0.07500000000000001 0.8875000000000001 0.014444444444444444 0.011666666666666667
23 0.5905555555555556 0.4166666666666667 0.01 0.023333333333333334
26 0.02722222222222222 0.9158333333333334 0.05444444444444444 0.06833333333333333
24 0.0022222222222222222 0.30250000000000005 0.0044444444444444444 0.011666666666666667
23 0.48388888888888887 0.05583333333333334 0.0077777777777777776 0.005
26 0.245 0.6666666666666666 0.025555555555555557 0.11666666666666667
23 0.7938888888888889 0.8833333333333333 0.005555555555555556 0.006666666666666667
19 0.5061111111111112 0.9325 0.0077777777777777776 0.005
23 0.34833333333333333 0.23166666666666666 0.01 0.013333333333333334
24 0.38055555555555554 0.12916666666666668 0.01 0.008333333333333333
18 0.24000000000000002 0.8191666666666666 0.27111111111111114 0.3516666666666667
25 0.4788888888888889 0.45833333333333337 0.1622222222222222 0.21333333333333335
24 0.45444444444444443 0.36583333333333334 0.008888888888888889 0.005
23 0.6861111111111111 0.5583333333333333 0.0077777777777777776 0.006666666666666667
24 0.2738888888888889 0.39083333333333337 0.012222222222222223 0.011666666666666667
24 0.8516666666666667 0.8583333333333334 0.16111111111111112 0.14666666666666667
18 0.6638888888888889 0.6183333333333334 0.01 0.013333333333333334
24 0.2733333333333333 0.6233333333333333 0.02 0.006666666666666667
20 0.8872222222222222 0.8541666666666666 0.023333333333333334 0.03833333333333333
24 0.45 0.13833333333333334 0.006666666666666667 0.02
24 0.9716666666666667 0.8025 0.01 0.021666666666666667
