21 0.9007760532150777 0.7375415282392027 0.0033259423503325942 0.03986710963455149
24 0.19678492239467849 0.776578073089701 0.014412416851441241 0.014950166112956811
20 0.06430155210643015 0.9792358803986712 0.019955654101995565 0.04152823920265781
24 0.717849223946785 0.6461794019933554 0.009977827050997782 0.016611295681063124
26 0.8237250554323725 0.9676079734219268 0.057649667405764965 0.06478405315614617
23 0.3364745011086474 0.7906976744186047 0.005543237250554324 0.013289036544850499
21 0.5049889135254989 0.10215946843853821 0.025498891352549888 0.018272425249169437
21 0.10809312638580931 0.8197674418604651 0.009977827050997782 0.04817275747508306
24 0.9207317073170732 0.3521594684385382 0.009977827050997782 0.016611295681063124
23 0.14800443458980042 0.8953488372093024 0.009977827050997782 0.013289036544850499
21 0.4639689578713969 0.2749169435215947 0.009977827050997782 0.0681063122923588
24 0.5016629711751662 0.5971760797342193 0.012195121951219513 0.02823920265780731
20 0.9174057649667405 0.6777408637873754 0.02328159645232816 0.006644518272425249
23 0.6563192904656319 0.6926910299003323 0.004434589800443459 0.006644518272425249
26 0.2178492239467849 0.014950166112956811 0.04767184035476718 0.029900332225913623
23 0.7788248337028825 0.8430232558139534 0.007760532150776054 0.0049833887043189366
21 0.36585365853658536 0.29235880398671094 0.015521064301552107 0.013289036544850499
23 0.291019955654102 0.7990033222591363 0.009977827050997782 0.013289036544850499
20 0.3575388026607539 0.8197674418604651 0.005543237250554324 0.0049833887043189366
20 0.5460088691796009 0.48255813953488375 0.0033259423503325942 0.008305647840531562
