24 0.7771966527196653 0.868062827225131 0.13319386331938632 0.2638743455497382
23 0.6931659693165969 0.675392670157068 0.0041841004184100415 0.0020942408376963353
25 0.9588563458856345 0.8387434554973822 0.08228730822873083 0.1382198952879581
25 0.8831938633193863 0.11308900523560209 0.028591352859135284 0.0356020942408377
20 0.75 0.5544502617801047 0.0020920502092050207 0.005235602094240838
23 0.6279637377963738 0.45078534031413614 0.014644351464435146 0.02198952879581152
23 0.938284518828452 0.6654450261780105 0.0048814504881450485 0.0031413612565445027
24 0.7642956764295676 0.837696335078534 0.008368200836820083 0.012565445026178011
26 0.46931659693165967 0.14712041884816754 0.02092050209205021 0.16230366492146597
26 0.6129707112970711 0.023036649214659685 0.09065550906555091 0.0356020942408377
23 0.6209902370990237 0.8764397905759163 0.0020920502092050207 0.004188481675392671
21 0.3682008368200837 0.2769633507853403 0.016736401673640166 0.019895287958115182
21 0.9431659693165969 0.6575916230366492 0.013249651324965132 0.025130890052356022
21 0.750697350069735 0.7167539267015707 0.014644351464435146 0.015706806282722512
23 0.9905857740585775 0.9345549738219895 0.010460251046025104 0.013612565445026177
24 0.5108089260808926 0.6544502617801047 0.0020920502092050207 0.0062827225130890054
23 0.8486750348675035 0.15026178010471203 0.012552301255230125 0.007329842931937173
21 0.6384239888423989 0.7267015706806282 0.00906555090655509 0.025130890052356022
20 0.1788702928870293 0.01780104712041885 0.013249651324965132 0.010471204188481676
26 0.08507670850767085 0.3157068062827225 0.043235704323570434 0.040837696335078534
20 0.4229428172942817 0.8795811518324607 0.014644351464435146 0.03769633507853403
24 0.1614365411436541 0.010994764397905761 0.007670850767085077 0.005235602094240838
21 0.44490934449093444 0.0549738219895288 0.016736401673640166 0.009424083769633508
25 0.2395397489539749 0.14659685863874344 0.0048814504881450485 0.016753926701570682
