21 0.8907982261640799 0.9343853820598006 0.03215077605321508 0.014950166112956811
23 0.5715077605321508 0.05232558139534883 0.005543237250554324 0.011627906976744186
26 0.10033259423503325 0.7433554817275747 0.06097560975609756 0.10465116279069768
21 0.6191796008869179 0.574750830564784 0.02106430155210643 0.03986710963455149
23 0.13913525498891352 0.16528239202657807 0.0033259423503325942 0.0049833887043189366
23 0.6624168514412417 0.8704318936877077 0.005543237250554324 0.006644518272425249
20 0.46396895787139686 0.4019933554817276 0.03215077605321508 0.019933554817275746
23 0.7766075388026608 0.9584717607973422 0.0033259423503325942 0.006644518272425249
23 0.06097560975609757 0.11046511627906977 0.004434589800443459 0.008305647840531562
19 0.7366962305986696 0.5116279069767442 0.014412416851441241 0.013289036544850499
24 0.21674057649667405 0.09053156146179402 0.007760532150776054 0.008305647840531562
21 0.35033259423503327 0.8978405315614618 0.14634146341463414 0.20431893687707642
23 0.7056541019955653 0.717607973421927 0.02328159645232816 0.006644518272425249
19 0.040465631929046564 0.681063122923588 0.007760532150776054 0.036544850498338874
24 0.42849223946784926 0.32475083056478404 0.007760532150776054 0.02823920265780731
19 0.38636363636363635 0.260797342192691 0.005543237250554324 0.016611295681063124
23 0.4745011086474501 0.8363787375415282 0.019955654101995565 0.018272425249169437
23 0.4905764966740576 0.8421926910299004 0.018847006651884702 0.013289036544850499
25 0.16906873614190687 0.2707641196013289 0.02771618625277162 0.036544850498338874
24 0.7111973392461197 0.0024916943521594683 0.005543237250554324 0.0049833887043189366
23 0.2544345898004434 0.887873754152824 0.005543237250554324 0.024916943521594685
19 0.5138580931263858 0.7200996677740864 0.014412416851441241 0.0049833887043189366
24 0.8652993348115299 0.4451827242524917 0.26940133037694014 0.34551495016611294
21 0.7799334811529934 0.012458471760797342 0.005543237250554324 0.024916943521594685
23 0.9129711751662971 0.19601328903654486 0.005543237250554324 0.009966777408637873
20 0.8575388026607539 0.739202657807309 0.10310421286031042 0.292358803986711
26 0.7328159645232816 0.4717607973421927 0.050997782705099776 0.09634551495016612
26 0.052106430155210645 0.38870431893687707 0.037694013303769404 0.10963455149501661
