24 0.8242793791574279 0.9426910299003323 0.02106430155210643 0.018272425249169437
20 0.1164079822616408 0.14700996677740863 0.04656319290465632 0.03156146179401993
24 0.05321507760532151 0.9759136212624585 0.011086474501108648 0.02159468438538206
19 0.4018847006651885 0.989202657807309 0.012195121951219513 0.014950166112956811
23 0.7039911308203991 0.78156146179402 0.024390243902439025 0.008305647840531562
19 0.9018847006651886 0.5971760797342193 0.0033259423503325942 0.02159468438538206
24 0.22838137472283815 0.71843853820598 0.011086474501108648 0.0049833887043189366
23 0.8264966740576497 0.2142857142857143 0.007760532150776054 0.009966777408637873
25 0.17128603104212858 0.24501661129568106 0.19623059866962306 0.27740863787375414
24 0.8569844789356985 0.21096345514950168 0.015521064301552107 0.019933554817275746
24 0.6951219512195121 0.318936877076412 0.0066518847006651885 0.019933554817275746
