26 0.44037656903765693 0.8277486910994765 0.04811715481171548 0.12670157068062826
20 0.2200139470013947 0.712041884816754 0.03138075313807531 0.039790575916230364
25 0.7412831241283124 0.7308900523560209 0.13110181311018132 0.19476439790575917
22 0.5080195258019525 0.6183246073298428 0.1708507670850767 0.193717277486911
20 0.403068340306834 0.7523560209424084 0.005578800557880056 0.013612565445026177
21 0.6147140864714087 0.2905759162303665 0.013249651324965132 0.0031413612565445027
25 0.39748953974895396 0.8895287958115183 0.005578800557880056 0.007329842931937173
26 0.904463040446304 0.27225130890052357 0.061366806136680614 0.033507853403141365
23 0.5519525801952581 0.12356020942408377 0.003486750348675035 0.004188481675392671
21 0.36959553695955366 0.8429319371727749 0.012552301255230125 0.012565445026178011
23 0.6997907949790795 0.325130890052356 0.0020920502092050207 0.007329842931937173
19 0.6283124128312413 0.2743455497382199 0.0041841004184100415 0.0062827225130890054
23 0.6764295676429568 0.9047120418848168 0.012552301255230125 0.018848167539267015
21 0.33856345885634587 0.14607329842931938 0.020223152022315203 0.03664921465968586
26 0.9292189679218967 0.4586387434554974 0.027196652719665274 0.06492146596858639
26 0.16875871687587168 0.3706806282722513 0.058577405857740586 0.048167539267015703
21 0.4735006973500698 0.1486910994764398 0.01394700139470014 0.014659685863874346
20 0.09344490934449093 0.2602094240837697 0.030683403068340307 0.019895287958115182
23 0.2078103207810321 0.8465968586387435 0.00697350069735007 0.013612565445026177
24 0.32601115760111576 0.7628272251308901 0.003486750348675035 0.0031413612565445027
23 0.6715481171548117 0.1329842931937173 0.015341701534170154 0.008376963350785341
23 0.24372384937238492 0.060209424083769635 0.003486750348675035 0.013612565445026177
24 0.8800557880055788 0.16649214659685863 0.005578800557880056 0.004188481675392671
