23 0.7106430155210642 0.6129568106312293 0.004434589800443459 0.006644518272425249
23 0.4761640798226164 0.9933554817275747 0.0033259423503325942 0.009966777408637873
20 0.25332594235033257 0.9244186046511628 0.11419068736141907 0.1511627906976744
19 0.9440133037694014 0.09800664451827243 0.007760532150776054 0.036544850498338874
20 0.17017738359201776 0.4676079734219269 0.025498891352549888 0.03488372093023256
20 0.6441241685144125 0.4617940199335548 0.05321507760532151 0.029900332225913623
18 0.6873614190687362 0.31976744186046513 0.008869179600886918 0.014950166112956811
25 0.9296008869179602 0.7101328903654485 0.03215077605321508 0.054817275747508304
20 0.6518847006651886 0.08554817275747509 0.06873614190687362 0.08471760797342193
21 0.6042128603104212 0.473421926910299 0.0066518847006651885 0.029900332225913623
24 0.2605321507760532 0.2159468438538206 0.004434589800443459 0.009966777408637873
