23 0.7533333333333333 0.11916666666666667 0.011111111111111112 0.021666666666666667
24 0.049444444444444444 0.3383333333333333 0.0077777777777777776 0.03
25 0.16111111111111112 0.47 0.02666666666666667 0.043333333333333335
21 0.47944444444444445 0.006666666666666667 0.021111111111111112 0.013333333333333334
23 0.03333333333333333 0.505 0.0044444444444444444 0.006666666666666667
24 0.12611111111111112 0.7075 0.01 0.011666666666666667
25 0.6 0.9708333333333333 0.006666666666666667 0.018333333333333333
20 0.6272222222222221 0.4991666666666667 0.06333333333333334 0.11166666666666666
23 0.44999999999999996 0.16666666666666666 0.008888888888888889 0.01
23 0.5666666666666667 0.37666666666666665 0.006666666666666667 0.01
24 0.8583333333333334 0.24333333333333332 0.014444444444444444 0.006666666666666667
24 0.2461111111111111 0.7358333333333333 0.0033333333333333335 0.011666666666666667
24 0.3411111111111111 0.4275 0.008888888888888889 0.005
23 0.4 0.5466666666666666 0.006666666666666667 0.006666666666666667
23 0.3605555555555555 0.3875 0.005555555555555556 0.008333333333333333
23 0.04777777777777778 0.7491666666666666 0.015555555555555555 0.018333333333333333
20 0.09777777777777777 0.09666666666666666 0.07333333333333333 0.09666666666666666
24 0.09055555555555556 0.7491666666666666 0.0077777777777777776 0.025
