19 0.3950320512820513 0.8044871794871795 0.02403846153846154 0.010683760683760684
19 0.96875 0.5801282051282051 0.011217948717948718 0.019230769230769232
25 0.6049679487179487 0.3012820512820513 0.20673076923076922 0.26495726495726496
26 0.7339743589743589 0.6987179487179487 0.1955128205128205 0.19658119658119658
23 0.5568910256410255 0.004273504273504274 0.030448717948717948 0.008547008547008548
19 0.9455128205128205 0.6923076923076923 0.019230769230769232 0.01282051282051282
23 0.49519230769230765 0.20512820512820515 0.00641025641025641 0.008547008547008548
23 0.4375 0.09401709401709402 0.00641025641025641 0.02564102564102564
21 0.7540064102564102 0.5160256410256411 0.020833333333333332 0.03632478632478633
21 0.6306089743589743 0.5491452991452991 0.004807692307692308 0.021367521367521368
21 0.03125 0.4700854700854701 0.017628205128205128 0.04700854700854701
23 0.41346153846153844 0.056623931623931624 0.00641025641025641 0.00641025641025641
26 0.5448717948717949 0.2863247863247863 0.1346153846153846 0.09829059829059829
24 0.9431089743589743 0.08333333333333333 0.011217948717948718 0.02564102564102564
26 0.5753205128205128 0.9647435897435898 0.21153846153846154 0.07051282051282051
19 0.7459935897435898 0.14102564102564102 0.008012820512820512 0.01282051282051282
24 0.3717948717948718 0.11858974358974358 0.00641025641025641 0.010683760683760684
24 0.9919871794871794 0.8974358974358974 0.016025641025641024 0.02564102564102564
23 0.41346153846153844 0.875 0.009615384615384616 0.00641025641025641
21 0.23317307692307693 0.4305555555555555 0.008012820512820512 0.03632478632478633
21 0.3629807692307692 0.30769230769230765 0.027243589743589744 0.07264957264957266
20 0.11939102564102563 0.7126068376068376 0.011217948717948718 0.010683760683760684
23 0.673076923076923 0.5032051282051282 0.00641025641025641 0.00641025641025641
24 0.6754807692307692 0.8344017094017093 0.011217948717948718 0.03205128205128205
23 0.09535256410256411 0.6463675213675214 0.020833333333333332 0.00641025641025641
23 0.21314102564102563 0.3408119658119658 0.016025641025641024 0.027777777777777776
