23 0.43015521064301554 0.9509966777408638 0.008869179600886918 0.0049833887043189366
23 0.36252771618625274 0.676079734219269 0.019955654101995565 0.036544850498338874
23 0.6430155210643015 0.12209302325581395 0.0066518847006651885 0.008305647840531562
24 0.8736141906873613 0.1777408637873754 0.011086474501108648 0.016611295681063124
24 0.8747228381374723 0.8463455149501661 0.015521064301552107 0.011627906976744186
26 0.8797117516629711 0.6445182724252492 0.07206208425720621 0.059800664451827246
22 0.6890243902439024 0.48837209302325585 0.02328159645232816 0.05647840531561462
23 0.22062084257206208 0.4277408637873754 0.0066518847006651885 0.011627906976744186
21 0.5759423503325942 0.9169435215946844 0.02328159645232816 0.006644518272425249
25 0.5709534368070953 0.5132890365448505 0.004434589800443459 0.009966777408637873
20 0.6840354767184036 0.11295681063122924 0.05321507760532151 0.026578073089700997
26 0.2261640798226164 0.5647840531561461 0.04878048780487805 0.22259136212624583
24 0.9534368070953436 0.6187707641196013 0.013303769401330377 0.014950166112956811
23 0.3547671840354767 0.3147840531561462 0.0066518847006651885 0.03156146179401993
21 0.3082039911308204 0.8696013289036545 0.026607538802660754 0.014950166112956811
24 0.8802660753880266 0.1777408637873754 0.0066518847006651885 0.016611295681063124
20 0.5953436807095344 0.6320598006644519 0.024390243902439025 0.04152823920265781
24 0.561529933481153 0.7591362126245847 0.009977827050997782 0.016611295681063124
26 0.16186252771618626 0.7857142857142857 0.1352549889135255 0.053156146179401995
19 0.1951219512195122 0.5980066445182725 0.004434589800443459 0.013289036544850499
23 0.5471175166297118 0.007475083056478406 0.02328159645232816 0.014950166112956811
23 0.6080931263858094 0.37790697674418605 0.007760532150776054 0.011627906976744186
19 0.5958980044345897 0.039036544850498345 0.01662971175166297 0.011627906976744186
26 0.22560975609756098 0.6794019933554818 0.045454545454545456 0.12292358803986711
21 0.733370288248337 0.22093023255813954 0.018847006651884702 0.009966777408637873
24 0.9783813747228381 0.4850498338870432 0.005543237250554324 0.006644518272425249
23 0.2411308203991131 0.9518272425249169 0.005543237250554324 0.036544850498338874
20 0.9756097560975611 0.5739202657807309 0.017738359201773836 0.011627906976744186
23 0.35920177383592017 0.5714285714285714 0.0066518847006651885 0.006644518272425249
