24 0.4494444444444444 0.5391666666666667 0.01888888888888889 0.018333333333333333
21 0.6316666666666667 0.23083333333333333 0.023333333333333334 0.025
21 0.8650000000000001 0.7833333333333333 0.0077777777777777776 0.02666666666666667
23 0.6627777777777778 0.6408333333333334 0.0077777777777777776 0.008333333333333333
24 0.6194444444444445 0.07666666666666666 0.0033333333333333335 0.016666666666666666
23 0.41333333333333333 0.15250000000000002 0.006666666666666667 0.008333333333333333
24 0.38833333333333336 0.24833333333333332 0.016666666666666666 0.006666666666666667
23 0.15444444444444444 0.39916666666666667 0.015555555555555555 0.03833333333333333
25 0.5011111111111111 0.4216666666666667 0.05555555555555555 0.10666666666666667
24 0.3705555555555555 0.16999999999999998 0.0077777777777777776 0.013333333333333334
24 0.8433333333333333 0.8574999999999999 0.011111111111111112 0.025
20 0.42333333333333334 0.7558333333333334 0.04666666666666667 0.058333333333333334
26 0.4533333333333333 0.21583333333333332 0.03333333333333333 0.07166666666666667
23 0.13666666666666666 0.47000000000000003 0.1 0.07333333333333333
23 0.9716666666666666 0.2833333333333333 0.027777777777777776 0.023333333333333334
23 0.6005555555555555 0.7916666666666667 0.021111111111111112 0.013333333333333334
23 0.8644444444444445 0.14916666666666667 0.006666666666666667 0.011666666666666667
